Data/sdat_830_2_20200721_153826639.asc
ncols        72
nrows        48
xllcorner    -180.000000000000
yllcorner    -90.000000000000
dx           5.000000000000
dy           3.750000000000
[rows 18 to 35 of 48, columns 0 to 40 of 72]
31.729999542236328125 30.729999542236328125 27.1399993896484375 34.939998626708984375 34.8600006103515625 25.530000686645507812 19.850000381469726562 21.670000076293945312 27.440000534057617188 35.0800018310546875 46.450000762939453125 54.68000030517578125 61.020000457763671875 72.15000152587890625 118.90000152587890625 543.1099853515625 927.510009765625 150.529998779296875 297.589996337890625 239.67999267578125 446.089996337890625 163.850006103515625 147.9799957275390625 101.80999755859375 103.8300018310546875 78.43000030517578125 81.5 74.81999969482421875 62.8300018310546875 61.8899993896484375 64.98999786376953125 62.340000152587890625 59.06999969482421875 26.979999542236328125 24.31999969482421875 26.620000839233398438 38.81999969482421875 55.560001373291015625 24.879999160766601562 38.310001373291015625 24.020000457763671875
27.649999618530273438 22.450000762939453125 25.530000686645507812 25.079999923706054688 20.8899993896484375 29.159999847412109375 15.220000267028808594 13.710000038146972656 14.350000381469726562 22.18000030517578125 35.590000152587890625 44.909999847412109375 48.799999237060546875 55.009998321533203125 68.87999725341796875 332.3900146484375 906.72998046875 595.21002197265625 379.170013427734375 96.05999755859375 150.0200042724609375 242.2700042724609375 387.790008544921875 141.19000244140625 80.59999847412109375 79.76000213623046875 73.45999908447265625 73.6399993896484375 66.98999786376953125 68.87999725341796875 68.19000244140625 56.45999908447265625 66.62999725341796875 187.589996337890625 32.310001373291015625 57.6699981689453125 85.65000152587890625 47.130001068115234375 32.220001220703125 77.23999786376953125 105.12999725341796875
28.1100006103515625 21.030000686645507812 27 21.6100006103515625 21.1399993896484375 23.120000839233398438 26.270000457763671875 26.520000457763671875 33.159999847412109375 38.220001220703125 47.04000091552734375 60.6699981689453125 64.6100006103515625 78.3000030517578125 76.09999847412109375 100.98000335693359375 135.970001220703125 272.82000732421875 704.77001953125 411.589996337890625 139.2700042724609375 122.01000213623046875 96.9499969482421875 70.70999908447265625 85.09999847412109375 69.089996337890625 57.700000762939453125 66.34999847412109375 76.06999969482421875 84.70999908447265625 85.51000213623046875 71.6699981689453125 115.470001220703125 447.649993896484375 329.82000732421875 383.100006103515625 366.6300048828125 374.8800048828125 385.510009765625 274.910003662109375 477.8900146484375
40.4199981689453125 30.340000152587890625 33.659999847412109375 38.5 40.990001678466796875 37.119998931884765625 40.700000762939453125 37.8899993896484375 44.970001220703125 61.590000152587890625 68.80999755859375 68.3300018310546875 86.970001220703125 98.59999847412109375 93.8899993896484375 97.8000030517578125 79.15000152587890625 91.9199981689453125 100.45999908447265625 406.470001220703125 193.5500030517578125 523.58001708984375 465.899993896484375 367.670013427734375 114.05999755859375 87.75 80.25 95.68000030517578125 103.81999969482421875 116.84999847412109375 114.9499969482421875 116.1999969482421875 116.51000213623046875 510.670013427734375 456.32000732421875 560.3900146484375 591.02001953125 864.8900146484375 919.8900146484375 460.089996337890625 545.6400146484375
55.130001068115234375 33.54000091552734375 29.770000457763671875 58.259998321533203125 46.81999969482421875 49.68000030517578125 64.029998779296875 52.93000030517578125 63.09999847412109375 79.160003662109375 63.759998321533203125 64.06999969482421875 89.37000274658203125 65.45999908447265625 71.160003662109375 94.98000335693359375 85.80999755859375 103.529998779296875 129.0500030517578125 184.1699981689453125 371.730010986328125 1197.22998046875 721.82000732421875 263.739990234375 189.3699951171875 87.8000030517578125 105.90000152587890625 123.23000335693359375 146.9600067138671875 152.5200042724609375 188.1199951171875 187.029998779296875 177.0399932861328125 349.579986572265625 723.3800048828125 726.17999267578125 566.21002197265625 1159.75 849.969970703125 554.17999267578125 542.19000244140625
33.939998626708984375 19.840000152587890625 16.690000534057617188 35 14.439999580383300781 19.200000762939453125 24.829999923706054688 16.43000030517578125 23.8600006103515625 28.299999237060546875 13.970000267028808594 25.989999771118164062 39.630001068115234375 25.989999771118164062 28.520000457763671875 49.5 47.310001373291015625 59.950000762939453125 105 125.8899993896484375 416.07000732421875 940.530029296875 420.350006103515625 133.529998779296875 267.1300048828125 148.2899932861328125 171.0500030517578125 122.6999969482421875 123.8600006103515625 157.69000244140625 202.42999267578125 193.160003662109375 188.94000244140625 184.7299957275390625 281.1300048828125 204.8800048828125 153.6999969482421875 340.44000244140625 505.489990234375 459.42999267578125 471.55999755859375
9.68000030517578125 11.970000267028808594 7.1199998855590820312 12.659999847412109375 -0.019999999552965164185 -0.28999999165534973145 2.2000000476837158203 -2.9700000286102294922 -0.81999999284744262695 1.7899999618530273438 -0.70999997854232788086 1.0800000429153442383 2.0799999237060546875 0.75 2.9000000953674316406 7.6100001335144042969 7.25 7.4400000572204589844 19.629999160766601562 39.1100006103515625 654.57000732421875 264.329986572265625 146.9499969482421875 85.1999969482421875 189.399993896484375 256.95001220703125 476.19000244140625 198.6699981689453125 60.65000152587890625 87.279998779296875 87.84999847412109375 80.5 80.529998779296875 69.779998779296875 95.1100006103515625 92.94000244140625 119.29000091552734375 133.0399932861328125 338.230010986328125 496.149993896484375 445.079986572265625
13.229999542236328125 26.440000534057617188 21.100000381469726562 36.529998779296875 7.4200000762939453125 7.909999847412109375 13.810000419616699219 0.14000000059604644775 1.6900000572204589844 9.840000152587890625 0.33000001311302185059 1.0399999618530273438 5.4499998092651367188 -1.7699999809265136719 0.64999997615814208984 7.0500001907348632812 4.7600002288818359375 12.310000419616699219 22.469999313354492188 23.450000762939453125 397.399993896484375 143.4900054931640625 136.6100006103515625 129.1999969482421875 184.8800048828125 222 331.850006103515625 686 358.80999755859375 96.73000335693359375 33.380001068115234375 47.79000091552734375 36.75 30.8600006103515625 42.490001678466796875 53.720001220703125 64.23000335693359375 75.6699981689453125 212.25 574.47998046875 658.47998046875
34.1699981689453125 35.59999847412109375 36.009998321533203125 60.729999542236328125 37.659999847412109375 27.1100006103515625 34.909999847412109375 20.079999923706054688 10.869999885559082031 11.699999809265136719 3.0999999046325683594 0.57999998331069946289 -3.1600000858306884766 -5.7899999618530273438 -7.7100000381469726562 -6.1500000953674316406 -5.1100001335144042969 -1.5 -2.3399999141693115234 10.510000228881835938 220.149993896484375 204.19000244140625 183.9799957275390625 242.6999969482421875 284.79998779296875 273.17999267578125 471.8599853515625 498.339996337890625 335.25 168.029998779296875 31.239999771118164062 21.260000228881835938 19.229999542236328125 23.549999237060546875 32.93000030517578125 47.560001373291015625 47.689998626708984375 43.54000091552734375 139.7299957275390625 486.45001220703125 363.279998779296875
47.09999847412109375 41.65000152587890625 40.25 38.470001220703125 36.869998931884765625 32.090000152587890625 34.8600006103515625 30.030000686645507812 17.420000076293945312 14.390000343322753906 2.3599998950958251953 -2.6099998950958251953 -7.0799999237060546875 -10.829999923706054688 -13.310000419616699219 -11.859999656677246094 -13.050000190734863281 -11.920000076293945312 -14.279999732971191406 -13.329999923706054688 100.73000335693359375 298.19000244140625 246.2599945068359375 347.1099853515625 400.839996337890625 272.75 481.82000732421875 444.44000244140625 335.82000732421875 36.279998779296875 20.3899993896484375 16.420000076293945312 16.579999923706054688 20.649999618530273438 30.510000228881835938 40.34999847412109375 41.5 37 71.339996337890625 358.730010986328125 225.9499969482421875
44.200000762939453125 40.1699981689453125 26.170000076293945312 25.979999542236328125 28.229999542236328125 32.3300018310546875 26.510000228881835938 28.469999313354492188 30.770000457763671875 29.450000762939453125 14.939999580383300781 13.010000228881835938 6.3600001335144042969 2.1400001049041748047 -1.3300000429153442383 -4.2199997901916503906 -3.1500000953674316406 -4.3899998664855957031 -3.2599999904632568359 -8.81999969482421875 -6.25 107.73000335693359375 339.04998779296875 305.30999755859375 372.05999755859375 547.28997802734375 574.489990234375 642.30999755859375 291.82000732421875 34.29000091552734375 22.309999465942382812 17.969999313354492188 13.420000076293945312 13.140000343322753906 21.100000381469726562 24.840000152587890625 23.950000762939453125 21.299999237060546875 44.70999908447265625 378.470001220703125 320
28.809999465942382812 33.520000457763671875 25.45999908447265625 20.3899993896484375 26.56999969482421875 22.229999542236328125 17.909999847412109375 20.239999771118164062 25.260000228881835938 24.8899993896484375 17.68000030517578125 14.689999580383300781 11.100000381469726562 6.6100001335144042969 4.9699997901916503906 3.2999999523162841797 2.4000000953674316406 2.8800001144409179688 2.7200000286102294922 1.3200000524520874023 0.20999999344348907471 8.3699998855590820312 101.089996337890625 263.57000732421875 369.209991455078125 666.1400146484375 706.8800048828125 765.28997802734375 275.480010986328125 26.799999237060546875 24.450000762939453125 19.340000152587890625 15.890000343322753906 13.960000038146972656 16.079999923706054688 15.109999656677246094 10.560000419616699219 10.189999580383300781 26.56999969482421875 322.8900146484375 485.79998779296875
11.369999885559082031 17.79000091552734375 18.31999969482421875 18.620000839233398438 22.159999847412109375 23.100000381469726562 24.3899993896484375 20.979999542236328125 20.159999847412109375 21.829999923706054688 22.870000839233398438 18.950000762939453125 15.579999923706054688 18.239999771118164062 11.899999618530273438 8.3100004196166992188 7.1999998092651367188 6.5300002098083496094 6.8000001907348632812 4.9000000953674316406 7.0300002098083496094 8.7100000381469726562 42.369998931884765625 139.32000732421875 530.8699951171875 1067.27001953125 1204.56005859375 677.6400146484375 92.31999969482421875 53.799999237060546875 39.8300018310546875 28.510000228881835938 18.6100006103515625 16.299999237060546875 14.649999618530273438 14.810000419616699219 10.600000381469726562 5 18.239999771118164062 113.81999969482421875 265.75
16.079999923706054688 13.590000152587890625 14.199999809265136719 20.5 25.309999465942382812 26.079999923706054688 23.06999969482421875 22.770000457763671875 19.81999969482421875 24.149999618530273438 24.700000762939453125 23.129999160766601562 21.309999465942382812 22.809999465942382812 22.70999908447265625 12.06999969482421875 9.0299997329711914062 6.8499999046325683594 5.6100001335144042969 5.6199998855590820312 4.7399997711181640625 9.479999542236328125 150.0800018310546875 263.829986572265625 470.100006103515625 1357.6099853515625 1165.739990234375 126.3300018310546875 86.45999908447265625 69.089996337890625 51.75 38.380001068115234375 28.409999847412109375 19.590000152587890625 15.409999847412109375 10.310000419616699219 5.1799998283386230469 -0.75999999046325683594 3.8499999046325683594 50.509998321533203125 187.5200042724609375
11.840000152587890625 13.189999580383300781 11.279999732971191406 12.729999542236328125 14.510000228881835938 15.56999969482421875 16.79000091552734375 16.04000091552734375 17.6100006103515625 19.309999465942382812 19.829999923706054688 23.25 21.829999923706054688 20.670000076293945312 24.280000686645507812 18.190000534057617188 10.489999771118164062 7.7199997901916503906 4.0999999046325683594 5.409999847412109375 4.1399998664855957031 29.56999969482421875 303.829986572265625 352.829986572265625 664.19000244140625 1465.510009765625 353.3800048828125 101.76000213623046875 88.4199981689453125 61.6100006103515625 42.369998931884765625 32.979999542236328125 26.93000030517578125 22.95999908447265625 18.510000228881835938 13.229999542236328125 5.4600000381469726562 0.81999999284744262695 -1.2699999809265136719 60.79000091552734375 267.760009765625
29.129999160766601562 6.5300002098083496094 11.760000228881835938 12.649999618530273438 13.510000228881835938 12.300000190734863281 15.109999656677246094 13.539999961853027344 14.590000152587890625 16.06999969482421875 13.170000076293945312 15.340000152587890625 16.79000091552734375 14.220000267028808594 17.079999923706054688 14.970000267028808594 10.640000343322753906 8.590000152587890625 4.7600002288818359375 2.3900001049041748047 3.6400001049041748047 64.12999725341796875 301.579986572265625 432.089996337890625 771.30999755859375 420.75 93.94000244140625 64.0800018310546875 54.40000152587890625 53.560001373291015625 34.229999542236328125 23 17.75 19.020000457763671875 14.649999618530273438 15.75 9 4.8499999046325683594 2.5099999904632568359 51.56999969482421875 192.9199981689453125
26.700000762939453125 16.059999465942382812 13.449999809265136719 12.840000152587890625 13.960000038146972656 12.399999618530273438 13.100000381469726562 11.279999732971191406 10.899999618530273438 12.010000228881835938 9.340000152587890625 7.8299999237060546875 9.7600002288818359375 8.43000030517578125 11.579999923706054688 11.270000457763671875 10.710000038146972656 8.5500001907348632812 5.0799999237060546875 2.4100000858306884766 2.0499999523162841797 116.73000335693359375 188.649993896484375 328.010009765625 319.6400146484375 66.8000030517578125 63.43000030517578125 40.470001220703125 41.299999237060546875 41.06999969482421875 35.909999847412109375 31.229999542236328125 25.8899993896484375 25.579999923706054688 19.340000152587890625 17.56999969482421875 15.479999542236328125 14.31999969482421875 13.470000267028808594 18.409999847412109375 37.3899993896484375
27.549999237060546875 21.899999618530273438 18.829999923706054688 13.609999656677246094 12.640000343322753906 11.810000419616699219 13.31999969482421875 10.800000190734863281 10.369999885559082031 11.229999542236328125 9.979999542236328125 8.5500001907348632812 8.43000030517578125 8.6999998092651367188 9.2399997711181640625 9.0399999618530273438 8.4600000381469726562 7.6100001335144042969 5.1700000762939453125 3.6800000667572021484 2.8399999141693115234 80.94000244140625 205.5 153.07000732421875 34.020000457763671875 28.719999313354492188 34.159999847412109375 23.450000762939453125 24.159999847412109375 28.700000762939453125 23.95999908447265625 21.969999313354492188 18.879999160766601562 18.770000457763671875 18.729999542236328125 15.239999771118164062 11.149999618530273438 9.6899995803833007812 13.350000381469726562 15.220000267028808594 18.420000076293945312
