Data/sdat_830_2_20200721_153826639.asc
ncols        72
nrows        48
xllcorner    -180.000000000000
yllcorner    -90.000000000000
dx           5.000000000000
dy           3.750000000000
[rows 0 to 17 of 48, columns 0 to 40 of 72]
14.329999923706054688 14.329999923706054688 14.329999923706054688 14.329999923706054688 14.329999923706054688 14.329999923706054688 14.329999923706054688 14.329999923706054688 14.329999923706054688 14.329999923706054688 14.329999923706054688 14.329999923706054688 14.329999923706054688 14.329999923706054688 14.329999923706054688 14.329999923706054688 14.329999923706054688 14.329999923706054688 14.329999923706054688 14.329999923706054688 14.329999923706054688 14.329999923706054688 14.329999923706054688 14.329999923706054688 14.329999923706054688 14.329999923706054688 14.329999923706054688 14.329999923706054688 14.329999923706054688 14.329999923706054688 14.329999923706054688 14.329999923706054688 14.329999923706054688 14.329999923706054688 14.329999923706054688 14.329999923706054688 14.329999923706054688 14.329999923706054688 14.329999923706054688 14.329999923706054688 14.329999923706054688
8.7200002670288085938 9.0799999237060546875 9.4600000381469726562 8.8500003814697265625 8.9499998092651367188 8.43000030517578125 8.3699998855590820312 8.4399995803833007812 8.9700002670288085938 9.43000030517578125 11.060000419616699219 11.779999732971191406 12.439999580383300781 12.460000038146972656 11.43000030517578125 10.93000030517578125 11.460000038146972656 11.350000381469726562 11.43000030517578125 18.3600006103515625 17.229999542236328125 15.050000190734863281 14.75 15.439999580383300781 11.729999542236328125 16.200000762939453125 17.020000457763671875 16.190000534057617188 15.890000343322753906 14.170000076293945312 15.460000038146972656 18.559999465942382812 11.989999771118164062 11.279999732971191406 12.529999732971191406 11.739999771118164062 11.100000381469726562 11.090000152587890625 11.260000228881835938 10.810000419616699219 11.93000030517578125
7.8600001335144042969 7.7100000381469726562 8.3599996566772460938 8.1999998092651367188 8.8500003814697265625 9.68000030517578125 9.2600002288818359375 9.3100004196166992188 9.8500003814697265625 9.4200000762939453125 9.8800001144409179688 10.550000190734863281 11.399999618530273438 13.170000076293945312 12.649999618530273438 17.3600006103515625 14.630000114440917969 11.720000267028808594 11.020000457763671875 11.420000076293945312 10.420000076293945312 6.8499999046325683594 5.6199998855590820312 5.0399999618530273438 4.9200000762939453125 6.3299999237060546875 6.2699999809265136719 5.1500000953674316406 5.5500001907348632812 6.7800002098083496094 6.6500000953674316406 7.8099999427795410156 8.3800001144409179688 15.359999656677246094 11.189999580383300781 12.630000114440917969 20.25 27.450000762939453125 34.490001678466796875 26.520000457763671875 23.950000762939453125
9.8900003433227539062 9.5 9.020000457763671875 9.1199998855590820312 10.130000114440917969 10.130000114440917969 9.6899995803833007812 10.720000267028808594 12.409999847412109375 13.640000343322753906 12.779999732971191406 17.010000228881835938 15.399999618530273438 14.06999969482421875 12.699999809265136719 11.789999961853027344 10.31999969482421875 6.3499999046325683594 6.0799999237060546875 9.8299999237060546875 10.170000076293945312 6.75 5.5399999618530273438 7.4800000190734863281 7.2300000190734863281 8.3299999237060546875 7.9200000762939453125 6 5.5700001716613769531 6.7800002098083496094 9 9.4200000762939453125 11.460000038146972656 13.529999732971191406 22 43.93000030517578125 73.470001220703125 81.8899993896484375 81.06999969482421875 46.65000152587890625 39.189998626708984375
17.8600006103515625 17.299999237060546875 18.04000091552734375 15.300000190734863281 12.350000381469726562 18.68000030517578125 15.020000457763671875 16.780000686645507812 19.260000228881835938 20.979999542236328125 17.3600006103515625 21.530000686645507812 15.369999885559082031 12.520000457763671875 12.409999847412109375 10.279999732971191406 7.659999847412109375 8.590000152587890625 8.340000152587890625 10.010000228881835938 13.529999732971191406 15.159999847412109375 14.93000030517578125 17.489999771118164062 19.420000076293945312 12.659999847412109375 12.970000267028808594 8.6099996566772460938 8.090000152587890625 8.7799997329711914062 11.140000343322753906 12.359999656677246094 27.530000686645507812 40.6399993896484375 70.65000152587890625 88.5500030517578125 111.87999725341796875 127.23999786376953125 138.8899993896484375 146.9600067138671875 117.6699981689453125
25.45999908447265625 29.309999465942382812 28.20999908447265625 25.45999908447265625 20.18000030517578125 23.81999969482421875 25.20999908447265625 29.440000534057617188 24.909999847412109375 27.31999969482421875 23.799999237060546875 21.979999542236328125 16.780000686645507812 17.20999908447265625 17.809999465942382812 17.8899993896484375 16.940000534057617188 12.520000457763671875 16.6399993896484375 10.93000030517578125 12.300000190734863281 16.649999618530273438 15.649999618530273438 21.200000762939453125 20.879999160766601562 20.729999542236328125 16.6399993896484375 12.119999885559082031 9.6199998855590820312 11.590000152587890625 13.970000267028808594 18.340000152587890625 50.560001373291015625 69.87999725341796875 78.76000213623046875 105.98999786376953125 118.0500030517578125 126.720001220703125 146.5099945068359375 174.600006103515625 141.350006103515625
24.6100006103515625 24.739999771118164062 31.299999237060546875 32.68000030517578125 49.40000152587890625 59.220001220703125 54.340000152587890625 60.299999237060546875 33.8899993896484375 26.579999923706054688 19.950000762939453125 15.920000076293945312 18.770000457763671875 20.309999465942382812 20.299999237060546875 29.600000381469726562 25.379999160766601562 22.850000381469726562 26.799999237060546875 16.79000091552734375 16.6100006103515625 17.420000076293945312 16.229999542236328125 17.219999313354492188 30.049999237060546875 33.81999969482421875 23.379999160766601562 15.470000267028808594 56.34999847412109375 63.4199981689453125 110.48000335693359375 103.73000335693359375 65.529998779296875 86.95999908447265625 86.4499969482421875 105.75 152.0800018310546875 169.660003662109375 173.7899932861328125 148.839996337890625 184.6999969482421875
51.240001678466796875 35.220001220703125 32.04000091552734375 35.59999847412109375 45.3300018310546875 45.270000457763671875 59.119998931884765625 35.70999908447265625 26.670000076293945312 41.70999908447265625 40.909999847412109375 27.229999542236328125 18.840000152587890625 25.049999237060546875 26.3600006103515625 27.600000381469726562 28.309999465942382812 31.3600006103515625 44.619998931884765625 39.59999847412109375 29.350000381469726562 28.590000152587890625 18.93000030517578125 28.129999160766601562 56.3899993896484375 93.09999847412109375 42.700000762939453125 26.219999313354492188 125.62000274658203125 107.0800018310546875 140.910003662109375 149.8000030517578125 133.529998779296875 140.1199951171875 146.7299957275390625 165.8300018310546875 212.75 245.4199981689453125 200.529998779296875 271.07000732421875 573.59002685546875
68.779998779296875 56.549999237060546875 54.310001373291015625 49.810001373291015625 45.3300018310546875 38.950000762939453125 58.59999847412109375 83.470001220703125 51.700000762939453125 53.75 35.8899993896484375 24.549999237060546875 32.479999542236328125 51.6699981689453125 51.799999237060546875 43.119998931884765625 48.259998321533203125 49.65000152587890625 53.869998931884765625 58.799999237060546875 57.729999542236328125 45.4199981689453125 51.1699981689453125 43.060001373291015625 61.04000091552734375 106.529998779296875 143.2899932861328125 110.3000030517578125 103.59999847412109375 125.87999725341796875 141.4799957275390625 161.4499969482421875 153.3300018310546875 166.8600006103515625 224.8000030517578125 453.839996337890625 331.010009765625 500.6199951171875 719.17999267578125 775.47998046875 746.1099853515625
64.51000213623046875 59.29000091552734375 62.840000152587890625 67.1699981689453125 55.779998779296875 49.369998931884765625 48.45999908447265625 52.479999542236328125 73.93000030517578125 87.3600006103515625 53.409999847412109375 52.34999847412109375 49.6699981689453125 112.56999969482421875 125.1699981689453125 94.87000274658203125 70.98999786376953125 71.25 83.04000091552734375 73.37999725341796875 81.37999725341796875 72.4199981689453125 69.62999725341796875 66.4199981689453125 62.31999969482421875 93.9199981689453125 154.3600006103515625 153.5399932861328125 148.07000732421875 142.05999755859375 144.7700042724609375 154.9900054931640625 165.75 188.970001220703125 557.530029296875 1229.719970703125 608.739990234375 1026.31005859375 1814.260009765625 970.780029296875 1123.3499755859375
65.1999969482421875 59.06999969482421875 72.0800018310546875 73.95999908447265625 62.5800018310546875 56.15000152587890625 56.31999969482421875 58.720001220703125 60.18000030517578125 69.62000274658203125 87.470001220703125 159.4900054931640625 152.1300048828125 291.010009765625 334.519989013671875 381.3800048828125 301.970001220703125 165.399993896484375 125.54000091552734375 111.65000152587890625 149.850006103515625 174.3300018310546875 149.5099945068359375 144.339996337890625 122.089996337890625 113.4199981689453125 164.470001220703125 204.8800048828125 199.160003662109375 188.2100067138671875 180.6100006103515625 201.7100067138671875 219.0500030517578125 233.1399993896484375 736.030029296875 1295.8599853515625 1881.22998046875 3531.889892578125 2100.72998046875 1411.6800537109375 1597.56005859375
92.73000335693359375 78.779998779296875 90.59999847412109375 83.44000244140625 83.8300018310546875 70.589996337890625 68.87999725341796875 64.3300018310546875 63.8899993896484375 65.1999969482421875 79.23999786376953125 368.100006103515625 376.769989013671875 187.089996337890625 245.220001220703125 337.82000732421875 620.4000244140625 698.20001220703125 335.230010986328125 382 385.329986572265625 702.780029296875 516.030029296875 291.79998779296875 254.4199981689453125 194.44000244140625 215.529998779296875 234.720001220703125 307.209991455078125 289.239990234375 261.739990234375 208.350006103515625 197.5800018310546875 249.30999755859375 372.350006103515625 851.280029296875 1903.5400390625 1862.9000244140625 1890.5699462890625 1558.8699951171875 1503.4100341796875
119.09999847412109375 93.79000091552734375 86.529998779296875 79.6699981689453125 91.05999755859375 91.09999847412109375 86.05999755859375 79.45999908447265625 72.29000091552734375 71.68000030517578125 75.51000213623046875 284.410003662109375 201.529998779296875 184.649993896484375 179.0200042724609375 311.739990234375 699.1300048828125 1799.6600341796875 1679.31005859375 1202.3199462890625 1507.3299560546875 1934.6400146484375 768.46002197265625 551.8499755859375 393.1099853515625 310.779998779296875 243.2400054931640625 301.45001220703125 257.3699951171875 221.9499969482421875 196.9799957275390625 197.57000732421875 189.529998779296875 194.850006103515625 443.970001220703125 542.44000244140625 1017.34002685546875 1107.780029296875 1499.219970703125 906.8699951171875 1021.84002685546875
135.92999267578125 113.98999786376953125 94.8600006103515625 99.62999725341796875 98.15000152587890625 88.5500030517578125 84.29000091552734375 77.93000030517578125 79.51000213623046875 76.01000213623046875 79.87000274658203125 258.94000244140625 172.82000732421875 187.4199981689453125 280.720001220703125 543.4000244140625 943 1555.22998046875 2128.14990234375 2089.330078125 1817.0799560546875 2328.39990234375 756.47998046875 532.33001708984375 449.459991455078125 341.329986572265625 239.339996337890625 209.8899993896484375 169.1300048828125 179.279998779296875 152.5399932861328125 155.1300048828125 175.0200042724609375 197.899993896484375 638.84002685546875 971.03997802734375 578.34002685546875 340.579986572265625 581.0999755859375 808.90997314453125 613.54998779296875
110.44000244140625 97.87999725341796875 85.34999847412109375 81.87999725341796875 79.09999847412109375 78.37999725341796875 68.529998779296875 65.93000030517578125 64.6399993896484375 57.630001068115234375 59.950000762939453125 335.839996337890625 538.33001708984375 173.5500030517578125 193.7899932861328125 395.989990234375 983.07000732421875 1113.0400390625 1429.4100341796875 1388.010009765625 1312.2900390625 837.20001220703125 594.3800048828125 415.399993896484375 279.519989013671875 201.089996337890625 158.1300048828125 138.089996337890625 146.0500030517578125 110.25 103.3899993896484375 107.4199981689453125 121.51999664306640625 204.2599945068359375 404.720001220703125 578.29998779296875 462.1099853515625 370.769989013671875 407.3900146484375 424.3900146484375 355.790008544921875
75.839996337890625 68.76000213623046875 61.770000457763671875 53.950000762939453125 56.990001678466796875 59.34999847412109375 55.299999237060546875 49.04000091552734375 50.3600006103515625 51.279998779296875 51.740001678466796875 113.73000335693359375 663.1199951171875 353.899993896484375 196.470001220703125 337.420013427734375 725.030029296875 940.40997314453125 992.8699951171875 1032.1099853515625 720.69000244140625 449.95001220703125 285.040008544921875 193.279998779296875 143.100006103515625 135.30999755859375 122.6100006103515625 135.4799957275390625 101.01000213623046875 85.98000335693359375 77.970001220703125 83.3899993896484375 87.05999755859375 124.30999755859375 327.3599853515625 279.230010986328125 99.839996337890625 66.59999847412109375 119.12000274658203125 155.3000030517578125 218.25
54.470001220703125 47.119998931884765625 44.279998779296875 44.630001068115234375 55.970001220703125 49.45999908447265625 44.70999908447265625 49.43000030517578125 49.990001678466796875 48.9199981689453125 51.159999847412109375 72.29000091552734375 225.25 257.70001220703125 349 373.45001220703125 683.46002197265625 906.239990234375 769.15997314453125 680.32000732421875 440.6400146484375 209.029998779296875 176.5 133.7299957275390625 130.9499969482421875 149.2899932861328125 139.4600067138671875 97.26999664306640625 74.51999664306640625 67.34999847412109375 68.26000213623046875 72.98000335693359375 74.62999725341796875 93.1100006103515625 118.48000335693359375 42.810001373291015625 31.1399993896484375 28.700000762939453125 38.810001373291015625 64.6100006103515625 57.18000030517578125
51.049999237060546875 47.310001373291015625 44.130001068115234375 45.189998626708984375 46.6100006103515625 39.630001068115234375 40.240001678466796875 43.6699981689453125 47.659999847412109375 52.15000152587890625 53.8899993896484375 64.55999755859375 90.470001220703125 145.8899993896484375 260.17999267578125 452.92999267578125 492.339996337890625 241.9900054931640625 240.4600067138671875 302.8800048828125 344.850006103515625 117.76999664306640625 139.850006103515625 106.4499969482421875 127.37000274658203125 127.06999969482421875 94.410003662109375 80.43000030517578125 64.48999786376953125 58.29000091552734375 63.8300018310546875 71.30999755859375 69.76000213623046875 62.6399993896484375 36.279998779296875 28.190000534057617188 21.969999313354492188 27.170000076293945312 34.65000152587890625 38.759998321533203125 38.43000030517578125
